3880
512
3866
398
3647
3811
3612
9150
3612
3648
3649
10634
505
3657
3868
3869
3646
10573
506
10534
506
3869
3871
3872
9045
506
10534
3836
3659
3867
504
378
3611
9150
6703
9137
3609
3812
2968
3019
2966
530
388
526
375
475
10550
3718
10603
3717
3660
3602
3714
3678
3613
3828
414
3638
10564
459
415
3803
3781
10588
454
373
10501
3214
3741
432
3594
3754
455
3690
3793
3735
10488
3566
3579
10428
3691
3767
176
10503
10562
3731
438
10490
10393
3746
3802
384
10568
3532
3493
3515
3454
3532
3459
323
3496
3564
1696
3433
3447
3396
3443
3445
3436
350
304
3437
3409
347
8940
3429
3428
10405
10424
10452
316
325
3504
10415
3421
286
10404
3388
3383
3382
266
3495
10440
3455
10412
10413
3406
10410
3395
3393
3419
3480
3486
10449
3381
265
3765
3673
10438
10439
3464
3462
3439
5518
5522
3557
4294
10864
726
4453
10854
4244
805
807
4484
4479
4486
4465
4466
4448
10764
746
4022
4372
756
4094
767
4014
10880
4370
745
4076
10791
10799
4059
4112
4057
4157
698
3960
10716
4081
10743
10745
701
561
4089
3976
4163
10736
4126
688
4051
657
4169
4173
4177
662
4117
10730
10806
4133
647
4116
3928
10506
406
3664
4188
663
670
3910
563
4213
3983
10751
562
4254
4247
723
4278
4301
10855
4446
10856
792
4550
843
846
4491
4560
10866
731
4257
5516
3449
3402
3814
3688
3616
3819
10545
3599
3926
10507
3592
6483
464
10548
3618
3619
3651
3784
10499
402
365
3448
3434
3431
3430
6460
6288
6293
10756
4152
4498
817
4504
4219
5546
5549
10650
4231
520
10433
3914
10758
10817
693
4241
4282
825
703
804
10952
9441
7367
9523
8615
10243
4519
3036
4526
10968
4515
813
839
10268
121
10253
5497
4507
3696
3674
3676
3695
3740
3794
3702
10531
10598
3701
424
10595
3826
3822
10529
10567
3254
1601
6616
1861
3763
10553
3831
3863
3865
3860
3881
3862
3858
1321
10652
11286
3841
3842
3878
3920
3873
1322
3854
10626
3852
3875
499
10959
11289
5162
5163
5160
1148
5174
1150
5167
11292
1150
2945
2950
2948
10244
10201
2946
5492
1313
4298
793
790
3477
3410
8395
3103
3095
121
5496
4531
10203
3033
8972
5514
10627
10625
3853
10627
3883
1323
4385
760
4382
3259
3200
162
1587
10316
3228
3173
3183
3292
211
185
10608
10323
1790
196
3206
3292
10295
3173
3241
10316
3256
3200
3199
3198
8802
6062
171
3202
167
3225
205
3193
3584
1596
799
801
798
1689
8967
4262
8957
7384
3034
8802
1592
9175
1937
6770
6542
6500
6701
6700
6700
6698
6699
9177
6772
6555
6753
6755
9078
1828
6755
9073
1931
1930
6758
1931
9073
1914
6502
6504
6754
6501
6545
1914
5908
5908
1463
9201
1813
6798
1800
1900
9106
6607
9090
6693
1829
6556
1854
6717
6720
9100
1839
1818
6711
1884
6598
1898
1841
9112
1879
6654
6602
6096
6629
1857
9107
6642
6518
6652
9095
6624
8923
8926
8925
6453
9085
9125
1604
6618
6522
1862
6622
6458
6397
6631
6691
1809
9128
6423
6382
6427
6426
1749
6381
6277
6454
1772
6329
6283
8969
6337
6336
6333
6448
1729
8950
8975
8961
6281
6299
9000
9001
6376
1741
6393
1734
8998
6372
1711
8999
6320
9002
6379
6394
6343
8984
1724
8946
6285
6289
1705
6304
6373
8991
8990
6306
6307
8928
8927
6360
1732
6355
6367
8978
8397
6784
1774
9411
7212
9431
2220
9413
7135
2230
2232
2235
2233
2236
7355
9509
9499
9301
2188
6984
7254
2181
9308
7284
6907
7256
7264
6826
2166
6921
7012
9333
2052
9326
2039
6968
6848
7048
6973
6969
2075
7169
9241
2074
6868
9237
9245
7228
2113
9314
7056
7053
6842
9357
7008
6860
9340
9227
9343
9242
9322
9328
6613
6563
1888
9373
9360
7082
2760
1988
7148
6875
7146
7145
7171
9404
7199
9416
9429
7197
9428
9414
7335
7435
2268
2271
2239
2272
9426
2130
8394
6342
8964
1833
9084
9093
1905
9153
6708
6814
1826
6672
6647
9075
1830
6668
6476
1832
1827
8981
8974
8945
6331
9374
6876
9379
8787
7103
9252
7078
7114
2763
7126
1945
1949
8412
2088
9367
7131
7399
8781
7174
7360
9532
8760
7404
8738
2258
9519
8784
9530
8780
1577
8640
1556
9524
9382
9044
6595
6125
1626
6594
1894
6688
9055
9089
1910
1849
6577
6507
6533
9142
1814
8807
9049
6723
9088
1928
9047
6765
6751
9068
9167
2765
8380
9183
6759
9173
1956
9172
6729
9184
6764
6763
9171
9063
9526
9859
8050
8049
8051
8385
2747
9856
8388
8390
8046
8718
1477
5835
5878
5861
5831
8625
1425
7342
7338
7340
6308
1552
5984
1442
2739
1549
5860
5921
9170
9185
1921
6740
6741
6768
8391
2185
7268
9468
1657
6084
6114
8803
6121
6057
6056
6160
1636
8804
6612
6103
6123
8827
6135
6137
6057
6126
8803
8813
6084
6085
6087
1603
6088
1615
1618
6093
6076
6611
2224
2226
2223
3876
1934
531
9205
3843
6730
10620
6804
3859
1925
10828
7394
3866
6768
3919
1955
4524
7409
11288
8383
837
9514
10949
9537
3037
5807
5551
7391
512
6741
1317
2741
5544
2762
3877
9174
131
8788
3844
6803
121
1442
10819
7080
3035
1485
3874
1924
511
6766
11290
9166
502
1927
3879
1935
4551
9517
506
6755
5508
8379
10960
9528
10633
6767
838
2263
3880
6766
4488
9531
4554
7436
4561
7383
4545
7431
4499
8770
4500
5943
92
1517
10271
1551
10969
7414
496
6763
4528
1520
3988
1990
5542
8417
5495
8370
10204
8721
3868
9177
10616
1922
3608
9136
10632
6750
824
7398
4480
9534
3917
1951
10739
2106
10583
6797
10823
9380
4532
5986
4513
5983
4475
7366
3885
6772
5167
9858
3856
6740
724
2149
161
5806
3699
6748
685
9329
3614
1805
3813
6702
3630
9048
10872
7400
10940
9504
1146
8381
5541
7066
668
9366
4483
7371
4456
7344
3038
5859
803
9510
3871
6758
5538
9323
3869
1930
3816
8929
733
2158
3646
1931
10534
9073
10594
6603
10625
6737
362
6793
4457
7334
4281
2152
3415
6317
10573
6555
548
6843
3714
6752
10749
6872
10625
6738
398
1823
5178
8391
393
6530
487
6719
664
6857
403
1828
10172
8689
10942
9506
10930
9495
103
1557
10757
7070
3972
7036
10706
7051
10939
9505
4539
5988
4154
9242
10541
1908
3893
6312
3476
6369
10941
9507
630
7006
794
7357
3647
6500
10520
6587
3463
6352
5524
8399
3610
6501
3808
1901
3835
6722
10538
9046
3019
8719
2945
1476
10521
9140
477
1902
692
2117
4256
7149
4009
7028
4461
7350
3154
6039
721
2146
10845
2139
4302
2151
504
6754
10729
2069
522
1947
482
6709
10933
9496
523
1948
10597
9145
11292
9165
398
6541
5168
8046
10593
9158
3834
6559
3603
9146
10644
2758
3610
6501
10539
9104
694
2119
3950
9318
10870
4452
7336
2218
3817
10542
6583
6713
4191
3398
1988
6310
2948
5835
4166
2078
5163
9857
651
9240
439
6621
3633
6526
10512
9071
505
1930
1329
2754
10932
7354
3604
6498
379
9159
10781
6853
10847
2140
378
1803
4259
7125
400
1825
10203
1487
541
2017
722
7188
3798
6685
3399
8953
399
6558
10858
2148
4198
2026
633
2059
3617
6510
4447
7337
10402
6326
3665
6549
4267
2122
10525
9147
10592
6718
486
6715
10638
2756
10530
9143
556
2062
405
9134
394
9141
4109
6995
3612
9149
451
6670
473
6691
10839
9394
710
4276
7165
2125
4005
9262
4296
2150
3558
6456
3982
7146
696
7151
382
1807
3827
6596
3591
9076
3959
2072
1150
9856
10881
7283
10751
2128
369
1794
3738
6625
4288
2143
3670
6677
10846
7170
10602
6664
10574
6554
9150
6700
4229
2114
370
6547
10516
9096
3978
6867
3703
10455
6599
6409
620
2046
304
1729
3739
1836
3787
10562
6619
478
1903
10517
4389
9113
2172
391
1816
4088
6981
10882
7281
3758
6485
297
1722
3697
6623
10604
9102
10572
6529
3723
1875
3690
1845
4065
6955
10551
9133
3807
6516
10720
9347
3528
6349
488
9105
3679
6578
3675
6575
3465
8989
10511
1887
3671
1835
3805
6692
10748
1986
3230
6118
3431
6330
573
6811
10905
7312
3420
6319
10719
7040
3390
9004
10575
9079
170
1595
3580
1789
423
1848
3585
6611
4050
4097
9284
7233
309
6364
3471
6363
193
6067
3240
6134
3940
6827
312
3488
1737
1739
3450
6341
3235
6122
3561
8933
6614
6615
3983
9251
4370
2190
357
6457
3684
6579
3551
1773
3468
6360
3251
6138
760
7305
10283
8866
10333
6143
386
6520
579
6930
10329
6140
436
6617
3435
6332
755
7256
10298
8865
6479
6478
3258
1631
738
7223
10425
1716
300
6345
313
1738
10280
8842
3432
6284
10559
9126
271
1745
3192
6117
3269
6157
3227
6115
3190
6111
10458
9019
4342
7267
10436
8979
448
6641
270
6285
387
1812
3407
6303
10459
6388
299
8982
3446
6358
3764
1878
3469
6361
178
6089
10609
9103
3382
1691
10508
1857
3392
6288
286
1711
181
6094
8809
8838
3728
8932
166
6136
3210
6092
10395
3434
6307
1717
278
1703
3454
9029
3487
6378
10399
6380
3408
1705
8799
6113
10453
6365
3199
6085
293
6333
165
6086
10404
8999
358
6464
6072
6071
281
6305
3484
6327
3394
8959
3482
6374
268
1693
3572
6446
3501
6275
3393
8960
187
1612
3203
6087
10454
1742
290
1715
10408
8968
4420
9450
3460
6276
8808
8821
3491
6391
10443
6390
10339
6128
10535
3869
3867
3602
3682
440
364
3421
3405
10404
4478
454
10844
650
10498
3466
3384
3492
4153
690
10818
4455
4471
4220
3627
414
424
3768
10523
3704
10543
1319
3921
10567
790
835
10267
10626
496
10888
3237
177
4449
10532
3748
3483
10713
10884
10731
713
301
324
3918
10540
3861
3629
180
3266
9149
6755
1929
1800
6689
6572
6465
6372
6298
8999
7438
6652
7136
9346
9082
6356
6379
1697
2060
2115
2093
7343
7416
2108
6522
1839
9157
6655
6705
6598
6508
9207
8424
9064
2215
1549
5984
6763
6740
7274
6124
1602
2219
6699
6488
6359
6849
7259
9359
7194
6347
6286
8419
6742
1926
6523
1605
6610
10619
492
10618
509
6731
6761
6747
6760
10621
10651
1339
3919
2764
6801
1955
8421
5512
10616
5511
1918
9166
6732
5504
532
3845
8425
9181
9206
10630
10628
500
6746
6509
6743
820
4506
4216
4505
2109
2241
2245
7113
3866
3883
10633
10634
6768
1938
6770
9176
10629
3918
3857
6745
6802
8420
829
845
10965
10171
2270
7439
8688
9516
5165
5506
5510
5168
9207
8385
8046
8384
4538
4555
4533
7440
7422
8687
10956
4477
4478
7381
7438
7380
10172
3170
93
1463
8689
1518
10962
10959
822
1340
7393
2247
9385
9383
512
10627
512
9185
6741
6741
1318
11287
1316
5498
9857
2742
8376
9861
3917
3918
10818
5545
8419
6795
8418
7077
3877
3879
3861
10631
6764
6765
6751
1926
10271
103
3055
126
6003
5994
5981
5991
508
6744
3091
3092
3092
5780
5763
8652
5547
686
4221
7079
6879
7116
10202
4520
10222
8719
5853
5852
499
6742
3880
10626
10632
1936
6766
9175
5174
5167
6729
8387
3677
3863
3862
6750
6576
9099
10626
497
6762
9184
844
4548
7434
7411
3869
506
506
3869
1931
6755
6755
1931
5505
5509
9529
2743
10961
8372
512
3864
3865
1937
9176
6767
4536
4559
4537
7421
5920
3852
9185
4546
812
4470
4541
7378
7430
9520
7377
10948
810
10951
9536
7369
7370
9539
815
2240
10953
4521
2267
7408
10253
4495
10957
7397
7386
1528
1314
8617
3033
92
3034
5921
1517
4512
4510
8782
5978
4522
10955
4529
8722
8761
2264
3854
496
10625
6763
1921
6740
3088
2949
52
8723
1545
5835
3987
565
669
2071
9364
9243
3911
3912
1336
6512
6796
2761
1315
1313
5940
9863
94
5859
3885
504
3868
9177
6753
6770
3855
5513
9165
6738
377
3650
3788
465
6544
1802
1890
6673
503
1928
825
4511
4498
7399
7387
7398
4481
4549
7432
7368
3908
10565
6794
6530
4130
687
681
3975
7118
6864
6874
9379
10649
3916
418
9203
1843
6799
4217
7104
10946
4515
835
7416
1549
6041
826
10267
8783
5984
806
4492
9513
7379
2231
3885
505
6772
6772
1152
5167
1152
8388
9858
2747
3856
496
6740
6740
4451
4299
4275
4300
7193
7192
9427
7191
161
5806
3699
501
3699
6577
1849
6748
10755
2060
3638
10543
10540
6508
9155
6506
9053
478
10532
9074
1903
3630
388
6511
1806
10937
10872
7343
7402
4473
4458
7346
7363
1147
1146
9855
2572
4195
5539
10817
8413
7066
2095
10758
10732
668
7068
2088
2093
10944
10943
7376
2234
10876
796
7345
2221
9438
3038
10201
1487
5861
4468
10936
7359
7358
10534
3871
10534
1931
6758
6758
661
5536
8411
7062
505
3869
6755
1930
3815
3570
3577
3669
8930
6707
1834
1788
729
720
9442
2145
7206
506
3646
3646
6543
9078
6543
10534
10534
9073
9073
413
3713
3714
6603
1838
9088
3853
5514
5514
6737
6737
1921
525
10423
1950
6450
4295
789
2214
7186
4280
4283
727
10871
7175
7176
7341
9432
10432
3414
10421
6785
6296
6311
3869
3869
3657
10573
1930
6755
9078
6555
3952
10793
625
9274
9324
2051
3865
10539
6754
9104
4248
10724
648
10752
7041
2124
9404
6871
1323
9170
3646
3647
3647
6542
6543
6500
5178
11292
8391
2748
3639
3824
3637
6531
9154
1818
10527
10536
487
430
9159
9105
1855
1912
4190
10728
10730
10757
7020
2092
7070
7035
3836
3658
3657
6554
9160
9046
2966
10172
5908
8689
4482
4485
4460
7348
7351
7352
4450
4463
7353
7339
103
1557
646
9330
557
3973
7034
6860
10708
10733
4226
10691
9236
9350
9208
7119
4484
7373
10264
10269
1550
5988
4063
10750
562
6875
7039
7145
3821
483
6712
1908
518
3896
10418
1943
8963
6782
311
10447
310
10414
8988
1736
8997
1735
802
4464
7374
7356
4117
631
10731
7013
7009
2055
4448
4449
2219
7349
10535
378
9149
1803
3601
3598
3789
10558
1844
6492
6679
9138
10641
3900
303
6787
9195
1728
5521
10832
8401
9386
9045
3610
378
6501
1803
476
405
10578
10576
6697
6696
9135
9080
489
488
10526
9054
1800
1913
10538
505
3868
1804
6504
6753
84
2946
5831
1476
51
1476
10566
3600
10561
9056
6682
9050
10535
3648
477
477
6542
1902
1902
6698
4232
4233
1326
4235
7128
9390
7123
2751
4256
2128
644
575
4336
4146
9335
9338
2066
7259
10935
7337
4516
3154
10270
5987
6039
8665
4266
9412
4273
711
702
9417
7172
7147
10869
4298
4279
9430
7198
9418
504
1929
645
6947
3902
6789
3823
3629
3820
1907
6710
1906
4445
4444
7347
2215
3901
282
1325
1707
2750
3681
3804
474
1898
9145
6694
3658
9148
1150
5168
8045
9856
429
3829
1854
6716
10575
3812
404
1914
6559
6556
475
3603
3716
3806
6494
6695
6695
6604
4175
10637
2757
9356
9045
507
1932
3867
3613
9104
6505
4236
4239
2120
4053
3951
2010
6990
4447
4301
4297
4452
790
10867
9429
2216
7336
7340
2218
7196
10544
3818
3701
3615
3825
485
9152
1905
9156
6714
1910
6713
563
667
274
8962
6874
6873
1699
10203
2949
8723
5860
4069
4165
4164
9291
2028
7049
1149
1147
2576
2574
608
10742
4079
4078
7046
2033
6967
6973
439
3735
3736
10487
6624
1864
8924
8947
3624
10560
3642
9127
1810
1815
3775
372
10556
10555
1797
9066
6535
9130
656
1330
2081
2755
4465
9498
3640
376
1801
1819
3832
6502
649
616
3943
7042
6882
6982
4255
4255
7174
9405
3611
3612
6700
704
10836
689
7130
7153
7121
3760
3653
9122
6514
3038
1487
4023
10679
10680
9292
6911
9296
4269
4296
4446
2147
7188
9428
3621
470
1895
9070
3423
3444
3445
8954
6323
1720
3649
10575
6699
6558
725
4271
2136
7195
3969
10726
6856
2097
4006
634
6816
7247
3819
6706
791
7342
3435
267
6278
1698
406
10579
3655
3654
6646
9058
9081
1826
10840
4066
10842
7158
7144
6954
10525
3809
6494
1900
3828
486
3700
1911
6718
9157
10599
3680
6578
1839
658
6989
3605
3801
6497
6687
636
6855
10577
3661
3785
6560
9134
1808
3822
9064
4107
4353
10657
10790
2173
6994
6993
6809
10535
478
3612
6700
9149
6700
3761
6548
10596
10600
3682
3803
9101
9144
6690
6689
4289
9397
9409
4251
4277
4270
4245
4250
7194
9402
7164
7138
1985
10666
628
9216
7005
4278
2150
3497
326
10489
9022
9024
1780
3983
7146
10735
4286
7134
9407
9052
3762
9124
6675
6649
3827
1850
9057
370
6547
3985
6875
1150
9856
4332
4357
4376
2181
2192
9447
10751
9251
175
392
442
422
6481
1600
1847
6627
10590
441
440
10591
6626
6625
9098
1865
719
410
10492
6570
6678
713
10747
7142
7170
460
3780
3719
415
6667
1885
1840
6606
3812
6698
9150
9150
1903
10831
558
9387
1983
3592
3593
9110
421
3692
455
3770
6489
6573
6653
1880
3960
7048
426
472
3493
3518
3515
1851
1897
9020
6382
1766
4052
2021
304
3441
1729
6355
10589
3673
3739
6571
6574
6572
3733
3731
3730
3627
1862
6619
6522
9062
6703
3596
4383
4334
4341
6491
2189
9471
9454
3744
456
6632
1881
10746
3980
2074
6981
4374
4354
2191
9444
3720
449
3757
3663
1874
6484
1796
9121
10409
3442
3446
3448
6338
8945
6340
6339
10563
423
9044
1848
10601
10514
10605
9117
9131
9118
186
3747
1611
9072
3667
434
6565
6645
10586
3690
10559
6569
6589
6652
383
3620
3782
462
1856
6515
1887
1886
3979
611
10720
6968
9347
6970
302
10444
3500
1744
8949
6350
3674
10330
8844
6595
3467
10448
312
8989
6358
1737
10496
453
6650
6568
4159
6869
3231
3586
3233
6119
6067
6075
298
10426
3430
8973
1723
1716
535
1960
4386
10905
4372
7275
9468
9469
8952
286
3420
1711
6319
4159
4039
6983
9346
271
6273
264
6383
6272
3177
184
3186
1609
6069
1627
364
3553
3554
6474
9037
8976
3696
10331
6141
6521
10500
3267
6154
9108
4098
4341
7305
6986
3475
3474
3489
317
1733
8983
6366
8993
307
10451
3472
8992
1732
6363
168
3232
10326
8810
1593
6121
10328
196
10332
8845
8846
1621
10904
742
7265
2170
3480
3480
3421
3485
3484
315
6373
6372
6372
6327
6375
1740
279
299
10412
1704
8958
1724
163
3297
10327
1588
1619
6144
3562
10490
6458
1781
435
3582
1860
6552
6551
4370
4379
4352
2183
7256
9443
3728
1782
8932
3783
447
3756
6609
6640
1872
3438
3567
1784
8938
306
3483
3469
6359
1731
6360
197
10284
3252
8847
1622
1628
10906
2185
3270
3268
10284
6158
6066
8847
3238
10317
3258
8857
8858
8813
368
3207
3625
1811
6520
6091
10686
3990
3962
9255
6831
7043
195
3255
1620
8819
3729
436
1861
9061
6617
3436
10406
3436
8950
1717
8939
4420
755
7272
2180
210
1635
6083
1793
6082
3256
3297
6144
6147
3407
3434
291
8974
1716
6329
3452
3451
3456
6343
8958
6347
3482
313
313
6374
1738
1738
3172
3180
3181
8842
6120
6114
269
1694
454
6652
3392
1696
320
6394
1745
3191
3581
1614
6553
3244
3243
10293
1667
1635
6186
10312
3274
1616
8824
6065
1597
6063
3505
3495
1750
9018
3466
296
1721
6356
3721
3755
6608
1858
3394
3389
6285
1695
3627
182
6522
6095
280
10411
1705
6303
3501
3564
8934
6464
10439
6361
10438
8981
10491
3767
6469
6651
171
3204
3202
1603
8826
1603
10338
3712
1670
8817
3382
266
8957
8957
6379
1691
6301
10399
6288
9003
3388
3419
3388
1711
6320
181
1606
3171
6064
6113
6460
10293
6186
10313
180
6092
8825
3555
3552
3381
3548
10427
10427
1706
6448
6307
8960
6333
6302
278
3428
6300
6299
1703
10443
3454
10442
9028
6427
9029
316
3405
3384
6378
9002
6298
3503
3384
6379
1741
281
10396
8975
6306
3280
6161
8820
3504
8994
180
177
10312
8824
6085
1605
3409
1718
1590
3280
3198
165
8820
6086
1602
10404
10404
3421
8999
8999
6372
358
3549
1772
9032
1596
8808
6071
10405
290
10424
9000
9001
1715
272
272
6304
6289
268
1693
3429
6280
6281
10394
1690
3393
8960
3264
6177
3176
177
1602
6087
6328
10397
1697
6061
3532
319
3502
1749
6286
8936
324
10443
1726
8946
3264
1646
